"Interval start","All packets"
0,222
1,55
2,0
3,0
4,0
5,0
6,0
7,0
8,0
9,0
10,0
11,0
12,0
13,0
14,0
15,0
16,175
17,0
18,0
19,1
20,1178
21,601
22,728
23,1169
24,595
25,513
26,778
27,431
28,310
29,1174
30,583
31,585
32,1162
33,583
34,444
35,520
36,325
37,323
38,432
39,117
40,207
41,1193
42,189
43,636
44,1214
45,644
46,432
47,501
48,306
49,317
50,416
51,105
52,221
53,10
54,17
55,3
56,0
57,11
58,15
59,19
60,9
61,13
62,6
63,173
64,40
65,1174
66,1009
67,1118
68,1166
69,1295
70,1217
71,1249
72,1249
73,1291
74,1329
75,1184
76,1271
77,907
78,758
79,776
80,779
81,765
82,780
83,767
84,817
85,761
86,770
87,764
88,761
89,808
90,757
91,754
92,834
93,802
94,796
95,755
96,753
97,755
98,758
99,762
100,768
101,766
102,808
103,1326
104,1017
105,869
106,777
107,839
108,1321
109,948
110,860
111,773
112,847
113,1213
114,1892
115,1342
116,1191
117,1168
118,2157
119,1350
120,1230
121,1018
122,1212
123,995
124,861
125,866
126,768
127,754
128,761
129,774
130,768
131,774
132,800
133,756
134,786
135,755
136,765
137,753
138,757
139,808
140,874
141,998
142,745
143,750
144,814
145,922
146,772
147,765
148,763
149,760
