"Interval start","All packets"
0,249
1,70
2,0
3,0
4,0
5,0
6,0
7,0
8,0
9,0
10,0
11,0
12,0
13,0
14,0
15,0
16,200
17,0
18,0
19,0
20,490
21,381
22,160
23,69
24,216
25,1212
26,909
27,551
28,1247
29,196
30,348
31,274
32,562
33,212
34,712
35,1207
36,575
37,844
38,1248
39,132
40,582
41,631
42,517
43,544
44,1249
45,1204
46,728
47,1215
48,1277
49,218
50,482
51,885
52,256
53,781
54,1190
55,1221
56,1129
57,1224
58,1133
59,306
60,404
61,877
62,256
63,987
64,1218
65,1215
66,1144
67,1121
68,937
69,361
70,555
71,713
72,233
73,1021
74,1231
75,1036
76,1197
77,1031
78,822
79,511
80,604
81,619
82,393
83,1167
84,1253
85,1069
86,1241
87,965
88,708
89,632
90,568
91,733
92,542
93,1261
94,1160
95,1019
96,1202
97,752
98,737
99,762
100,357
101,783
102,811
103,1121
104,1233
105,1061
106,1260
107,797
108,749
109,785
110,301
111,934
112,964
113,1096
114,1203
115,1218
116,1124
117,636
118,867
119,803
120,318
121,999
122,950
123,988
124,1128
125,1103
126,1021
127,795
128,769
129,602
130,490
131,1050
132,914
133,850
134,1196
135,918
136,866
137,656
138,798
139,373
140,487
141,737
142,409
143,576
144,1022
145,730
146,709
147,507
148,626
149,254
